REM 2025-08-29T13:25:54

REM -----------------------------------------------------------------------------
REM MEMORY_ERROR_SECTION_GUID
REM -----------------------------------------------------------------------------
00 00 00 00 00 00 00 00 00 00 00 00 00 00 00 00  - 0x00 - ................
00 00 00 00 00 00 00 00 00 00 00 00 00 00 00 00  - 0x10 - ................
00 00 00 00 00 00 00 00 00 00 00 00 00 00 00 00  - 0x20 - ................
00 00 00 00 00 00 00 00 00 00 00 00 00 00 00 00  - 0x30 - ................
00 00 00 00 00 00 00 00 00 00 00 00 00 00 00 00,

REM -----------------------------------------------------------------------------
REM PROCESSOR_GENERIC_ERROR_SECTION_GUID
REM -----------------------------------------------------------------------------
7f 01 00 00 00 00 00 00 00 02 01 01 00 01 00 00  - 0x00 - ................
10 0f a2 00 00 00 00 00 00 00 00 00 00 00 00 00  - 0x10 - ..¢.............
00 00 00 00 00 00 00 00 00 00 00 00 00 00 00 00  - 0x20 - ................
00 00 00 00 00 00 00 00 00 00 00 00 00 00 00 00  - 0x30 - ................
00 00 00 00 00 00 00 00 00 00 00 00 00 00 00 00  - 0x40 - ................
00 00 00 00 00 00 00 00 00 00 00 00 00 00 00 00  - 0x50 - ................
00 00 00 00 00 00 00 00 00 00 00 00 00 00 00 00  - 0x60 - ................
00 00 00 00 00 00 00 00 00 00 00 00 00 00 00 00  - 0x70 - ................
00 00 00 00 00 00 00 00 00 00 00 00 00 00 00 00  - 0x80 - ................
00 00 00 00 00 00 00 00 07 00 00 00 00 00 00 00  - 0x90 - ................
00 00 00 00 00 00 00 00 00 00 00 00 00 00 00 00  - 0xA0 - ................
00 00 00 00 00 00 00 00 00 00 00 00 00 00 00 00,

REM -----------------------------------------------------------------------------
REM WHEA_XPF_MCA_SECTION_GUID
REM -----------------------------------------------------------------------------
04 00 00 00 02 00 00 00 90 cf 71 72 e8 18 dc 01  - 0x00 - .........Ïqrè.Ü.
07 00 00 00 00 00 00 00 00 00 00 00 00 00 00 00  - 0x10 - ................
00 00 00 00 00 00 00 00 35 01 0c 00 00 00 a0 ba  - 0x20 - ........5..... º
00 00 00 00 00 00 00 00 00 00 00 00 ff 0f 13 d0  - 0x30 - ............ÿ..Ð
0a 00 00 00 07 00 00 00 00 00 00 00 b0 00 10 00  - 0x40 - ............°...
14 00 00 4d 00 00 00 00 fd 01 00 00 07 00 00 00  - 0x50 - ...M....ý.......
00 00 00 00 00 00 00 00 00 00 00 00 00 00 00 00  - 0x60 - ................
00 00 00 00 00 00 00 00 00 00 00 00 00 00 00 00  - 0x70 - ................
00 00 00 00 00 00 00 00 00 00 00 00 00 00 00 00  - 0x80 - ................
3b 00 00 00 00 00 00 00 00 00 00 00 00 00 00 00  - 0x90 - ;...............
00 00 00 00 00 00 00 00 00 00 00 00 00 00 00 00  - 0xA0 - ................
00 00 00 00 00 00 00 00 00 00 00 00 00 00 00 00  - 0xB0 - ................
00 00 00 00 00 00 00 00 00 00 00 00 00 00 00 00  - 0xC0 - ................
00 00 00 00 00 00 00 00 00 00 00 00 00 00 00 00  - 0xD0 - ................
00 00 00 00 00 00 00 00 00 00 00 00 00 00 00 00  - 0xE0 - ................
00 00 00 00 00 00 00 00 00 00 00 00 00 00 00 00  - 0xF0 - ................
00 00 00 00 00 00 00 00 00 00 00 00 00 00 00 00  - 0x100 - ................
00 00 00 00 00 00 00 00 00 00 00 00 00 00 00 00  - 0x110 - ................
00 00 00 00 00 00 00 00 00 00 00 00 00 00 00 00  - 0x120 - ................
00 00 00 00 00 00 00 00 00 00 00 00 00 00 00 00  - 0x130 - ................
00 00 00 00 00 00 00 00 00 00 00 00 00 00 00 00  - 0x140 - ................
00 00 00 00 00 00 00 00 00 00 00 00 00 00 00 00  - 0x150 - ................
00 00 00 00 00 00 00 00 00 00 00 00 00 00 00 00  - 0x160 - ................
00 00 00 00 00 00 00 00 00 00 00 00 00 00 00 00  - 0x170 - ................
00 00 00 00 00 00 00 00 00 00 00 00 00 00 00 00  - 0x180 - ................
00 00 00 00 00 00 00 00 00 00 00 00 00 00 00 00  - 0x190 - ................
00 00 00 00 00 00 00 00 00 00 00 00 00 00 00 00  - 0x1A0 - ................
00 00 00 00 00 00 00 00 00 00 00 00 00 00 00 00  - 0x1B0 - ................
00 00 00 00 00 00 00 00 00 00 00 00 00 00 00 00  - 0x1C0 - ................
00 00 00 00 00 00 00 00 00 00 00 00 00 00 00 00  - 0x1D0 - ................
00 00 00 00 00 00 00 00 00 00 00 00 00 00 00 00  - 0x1E0 - ................
00 00 00 00 00 00 00 00 00 00 00 00 00 00 00 00  - 0x1F0 - ................
00 00 00 00 00 00 00 00 00 00 00 00 00 00 00 00  - 0x200 - ................
00 00 00 00 00 00 00 00 00 00 00 00 00 00 00 00  - 0x210 - ................
00 00 00 00 00 00 00 00 00 00 00 00 00 00 00 00  - 0x220 - ................
00 00 00 00 00 00 00 00 00 00 00 00 00 00 00 00  - 0x230 - ................
00 00 00 00 00 00 00 00 00 00 00 00 00 00 00 00  - 0x240 - ................
00 00 00 00 00 00 00 00 00 00 00 00 00 00 00 00  - 0x250 - ................
00 00 00 00 00 00 00 00 00 00 00 00 00 00 00 00  - 0x260 - ................
00 00 00 00 00 00 00 00 00 00 00 00 00 00 00 00  - 0x270 - ................
00 00 00 00 00 00 00 00 00 00 00 00 00 00 00 00  - 0x280 - ................
00 00 00 00 00 00 00 00 00 00 00 00 00 00 00 00  - 0x290 - ................
00 00 00 00 00 00 00 00 00 00 00 00 00 00 00 00  - 0x2A0 - ................
00 00 00 00 00 00 00 00 00 00 00 00 00 00 00 00  - 0x2B0 - ................
00 00 00 00 00 00 00 00 00 00 00 00 00 00 00 00  - 0x2C0 - ................
00 00 00 00 00 00 00 00 00 00 00 00 00 00 00 00  - 0x2D0 - ................
00 00 00 00 00 00 00 00 00 00 00 00 00 00 00 00  - 0x2E0 - ................
00 00 00 00 00 00 00 00 00 00 00 00 00 00 00 00  - 0x2F0 - ................
00 00 00 00 00 00 00 00 00 00 00 00 00 00 00 00  - 0x300 - ................
00 00 00 00 00 00 00 00 00 00 00 00 00 00 00 00  - 0x310 - ................
00 00 00 00 00 00 00 00 00 00 00 00 00 00 00 00  - 0x320 - ................
00 00 00 00 00 00 00 00 00 00 00 00 00 00 00 00  - 0x330 - ................
00 00 00 00 00 00 00 00 00 00 00 00 00 00 00 00  - 0x340 - ................
00 00 00 00 00 00 00 00 00 00 00 00 00 00 00 00  - 0x350 - ................
00 00 00 00 00 00 00 00 00 00 00 00 00 00 00 00  - 0x360 - ................
00 00 00 00 00 00 00 00 00 00 00 00 00 00 00 00  - 0x370 - ................
00 00 00 00 00 00 00 00 00 00 00 00 00 00 00 00  - 0x380 - ................
00 00 00 00 00 00 00 00 00 00 00 00 00 00 00 00  - 0x390 - ................
00 00 00 00 00 00 00 00 00 00 00 00 00 00 00 00  - 0x3A0 - ................
00 00 00 00 00 00 00 00 00 00 00 00 00 00 00 00  - 0x3B0 - ................
00 00 00 00 00 00 00 00 00 00 00 00 00 00 00 00  - 0x3C0 - ................
00 00 00 00 00 00 00 00 00 00 00 00 00 00 00 00  - 0x3D0 - ................
00 00 00 00 00 00 00 00 00 00 00 00 00 00 00 00  - 0x3E0 - ................
00 00 00 00 00 00 00 00 00 00 00 00 00 00 00 00  - 0x3F0 - ................
00 00 00 00 00 00 00 00 00 00 00 00 00 00 00 00  - 0x400 - ................
00 00 00 00 00 00 00 00 00 00 00 00 00 00 00 00  - 0x410 - ................
00 00 00 00 00 00 00 00 00 00 00 00 00 00 00 00  - 0x420 - ................
00 00 00 00 00 00 00 00 00 00 00 00 00 00 00 00  - 0x430 - ................
00 00 00 00 00 00 00 00 00 00 00 00 00 00 00 00  - 0x440 - ................
00 00 00 00 00 00 00 00 00 00 00 00 00 00 00 00  - 0x450 - ................
00 00 00 00 00 00 00 00 00 00 00 00 00 00 00 00  - 0x460 - ................
00 00 00 00 00 00 00 00 00 00 00 00 00 00 00 00  - 0x470 - ................
00 00 00 00 00 00 00 00 00 00 00 00 00 00 00 00  - 0x480 - ................
00 00 00 00 00 00 00 00 00 00 00 00 00 00 00 00  - 0x490 - ................
00 00 00 00 00 00 00 00,

REM -----------------------------------------------------------------------------
REM RECOVERY_INFO_SECTION_GUID
REM -----------------------------------------------------------------------------
00 01 00 00 00 00 00 00 00 00 00 00 00 ff 00 00  - 0x00 - .............ÿ..
00 00 00 00 00 00 00 00 00 00 00 00 00 00 00 00  - 0x10 - ................
00 00 00 00 00 00 00